95                                                                                               
1 0 .1025455 .0390638 .1310809 .0976334 .0884514 .126433 .1027436 .0285703 .8079186 .0355039 .0413313 .0174131 .0425706 .136536 .1001106 .0283815 .0282562 .0277137 .0170979 .0885542 .0135962 .0201762 0 .0654621 0 .0436266 0 0 0 0 .0169187 0 0 0 0 0 0 0 0 0 0 0 0 .01413 0 0 0 0 0 0 0 0 0 .0195927 0 0 0 0 0 0 0 0 0 .0187592 0 0 0 0 0 0 0 0 0 0 0 0 0 0 0 0 0 0 0 0 0 0 0 0 .0127794 0 0 0 0 0
2 .1025455 0 .0600696 .2863994 2.017215 .2451726 .3048952 .061682 .0381531 .1134601 .0265958 .0314876 .0209169 .0357897 .1047316 .0704918 .0374401 .0233282 .0353491 .020513 .0594321 0 .017481 .0129832 .0554989 0 .0380707 0 0 0 0 .0190955 0 0 0 0 0 0 0 0 0 0 0 0 .0129537 0 0 0 0 0 0 0 0 0 .0205003 0 0 0 0 0 0 0 0 0 .0192883 0 0 0 0 0 0 0 0 0 0 0 0 0 0 0 0 0 0 0 0 0 0 0 0 .0126273 0 0 0 0 0
3 .0390638 .0600696 0 .0556475 .0617849 .0698942 .0565262 .0356864 .1045436 .0409207 .0186012 .0206693 .0307515 .0229032 .0468084 .0405501 .04123 .0191721 .0357148 .027852 .0363618 0 .0151324 .0165209 .0398353 0 .0318736 0 0 0 0 .0268346 0 0 0 0 .0128602 0 0 0 0 0 0 0 0 0 0 0 0 0 0 0 0 0 .0244369 0 0 0 0 0 0 0 0 0 .0221742 0 0 0 0 0 0 0 0 0 0 0 0 0 0 0 0 0 0 0 0 0 0 0 0 .0133202 0 0 0 0 0
4 .1310809 .2863994 .0556475 0 .2621264 .2707135 3.366711 .07818 .0365095 .1543728 .0279386 .0320886 .0200281 .0349641 .1650979 .0935022 .033164 .0253711 .0314663 .0194333 .0749434 0 .0186028 .0127401 .0682293 0 .0436214 0 0 0 0 .0191401 0 0 0 0 0 0 0 0 0 0 0 0 .0135669 0 0 0 0 0 0 0 0 0 .0213616 0 0 0 0 0 0 0 0 0 .0201427 0 0 0 0 0 0 0 0 0 0 0 0 0 0 0 0 0 0 0 0 0 0 0 0 .0130828 0 0 0 0 0
5 .0976334 2.017215 .0617849 .2621264 0 .2540615 .2791905 .0603012 .0388356 .1075665 .0262506 .0310469 .0211359 .0353443 .1014777 .0690193 .0379589 .0231349 .0357402 .0207191 .058283 0 .0173718 .0130648 .0548771 0 .0377975 0 0 0 0 .0192312 0 0 0 0 0 0 0 0 0 0 0 0 .0129053 0 0 0 0 0 0 0 0 0 .020558 0 0 0 0 0 0 0 0 0 .0193251 0 0 0 0 0 0 0 0 0 0 0 0 0 0 0 0 0 0 0 0 0 0 0 0 .0126261 0 0 0 0 0
6 .0884514 .2451726 .0698942 .2707135 .2540615 0 .2915232 .0659447 .0421946 .0986902 .0253454 .0287719 .0215362 .0315563 .1235881 .0803885 .0350917 .0241645 .0326984 .0206883 .0653439 0 .017954 .0133665 .0652285 0 .0427317 0 0 0 0 .0204854 0 0 0 0 0 0 0 0 0 0 0 0 .013338 0 0 0 0 0 0 0 0 0 .022366 0 0 0 0 0 0 0 0 0 .0209149 0 0 0 0 0 0 0 0 0 0 0 0 0 0 0 0 0 0 0 0 0 0 0 0 .0132638 0 0 0 0 0
7 .126433 .3048952 .0565262 3.366711 .2791905 .2915232 0 .0766304 .0368745 .1478416 .0277202 .0318573 .0201467 .0347906 .1593773 .0916517 .0334371 .0252128 .0316872 .0195458 .0736469 0 .0185175 .0127852 .0675385 0 .0433447 0 0 0 0 .019214 0 0 0 0 0 0 0 0 0 0 0 0 .0135283 0 0 0 0 0 0 0 0 0 .0213853 0 0 0 0 0 0 0 0 0 .0201534 0 0 0 0 0 0 0 0 0 0 0 0 0 0 0 0 0 0 0 0 0 0 0 0 .0130752 0 0 0 0 0
8 .1027436 .061682 .0356864 .07818 .0603012 .0659447 .0766304 0 .0274418 .1055527 .0346199 .0339696 .0165216 .0316409 .14138 .2809044 .0232984 .037497 .0225337 .0158003 .5048808 .0147024 .0243892 0 .1347481 0 .073204 0 0 0 0 .0177001 0 0 0 0 0 0 0 0 0 0 0 0 .0162713 0 0 0 0 0 0 0 0 0 .0226189 0 0 0 0 0 0 0 0 0 .0218119 0 0 0 0 0 0 0 0 0 0 0 0 0 0 0 0 0 0 .013046 0 0 0 .0127315 0 .0144454 0 0 0 0 0
9 .0285703 .0381531 .1045436 .0365095 .0388356 .0421946 .0368745 .0274418 0 .0295722 .0158455 .0172576 .0404437 .0188648 .0331175 .0303592 .0357996 .0170081 .0310061 .0327941 .0280601 0 .0138439 .0195492 .0309145 0 .0268268 0 0 0 0 .0342676 0 0 .0135012 0 .0146584 0 0 0 0 0 0 0 0 0 0 0 0 0 0 0 0 0 .0258296 0 0 0 0 0 0 0 0 0 .0230354 0 0 0 0 0 0 0 0 0 0 0 0 0 0 0 0 0 0 0 0 0 0 0 0 .0135078 0 0 0 0 0
10 .8079186 .1134601 .0409207 .1543728 .1075665 .0986902 .1478416 .1055527 .0295722 0 .0341033 .0393361 .0177443 .0407868 .159806 .1074385 .0288234 .0281206 .0280231 .017373 .0918921 .0134603 .0200837 0 .0688295 0 .0447604 0 0 0 0 .0172794 0 0 0 0 0 0 0 0 0 0 0 0 .0141277 0 0 0 0 0 0 0 0 0 .019998 0 0 0 0 0 0 0 0 0 .0191075 0 0 0 0 0 0 0 0 0 0 0 0 0 0 0 0 0 0 0 0 0 0 0 0 .0128991 0 0 0 0 0
11 .0355039 .0265958 .0186012 .0279386 .0262506 .0253454 .0277202 .0346199 .0158455 .0341033 0 .0733164 0 .040637 .0299293 .0310098 .0168756 .0301104 .0170775 0 .0327461 .0192546 .0235524 0 .0278564 0 .0258215 0 0 0 0 0 0 0 0 0 0 0 0 0 .0153011 0 0 0 .015158 0 0 0 0 0 0 0 0 0 .0140307 0 0 0 0 0 0 0 0 0 .0139013 0 0 0 0 0 0 0 0 0 0 0 0 0 0 0 0 0 0 0 0 0 0 0 0 0 0 0 0 0 0
12 .0413313 .0314876 .0206693 .0320886 .0310469 .0287719 .0318573 .0339696 .0172576 .0393361 .0733164 0 .0128114 .0894216 .0320841 .0312903 .0204748 .0231904 .0210723 .0130531 .0318442 .0152891 .0184215 0 .0271515 0 .0237127 0 0 0 0 0 0 0 0 0 0 0 0 0 .0137164 0 0 0 .0128583 0 0 0 0 0 0 0 0 0 .0135782 0 0 0 0 0 0 0 0 0 .0132964 0 0 0 0 0 0 0 0 0 0 0 0 0 0 0 0 0 0 0 0 0 0 0 0 0 0 0 0 0 0
13 .0174131 .0209169 .0307515 .0200281 .0211359 .0215362 .0201467 .0165216 .0404437 .0177443 0 .0128114 0 .0141213 .0185655 .0175053 .0292845 0 .0262311 .0858481 .016687 0 0 .0313737 .0175496 0 .01614 0 .0128828 0 .0158441 .0291763 0 0 .0181378 .0125913 .0197354 0 .0147694 0 0 0 0 0 0 0 0 0 0 0 0 0 0 0 .0176615 0 0 0 0 0 0 0 0 0 .0162192 0 0 0 0 0 0 0 0 0 0 0 0 0 0 0 0 0 0 0 0 0 0 0 0 0 0 0 0 0 0
14 .0425706 .0357897 .0229032 .0349641 .0353443 .0315563 .0347906 .0316409 .0188648 .0407868 .040637 .0894216 .0141213 0 .0324936 .0302104 .0252837 .0196888 .0265889 .014678 .0298189 .0130692 .0158409 0 .0260452 0 .022109 0 0 0 0 0 0 0 0 0 0 0 0 0 0 0 0 0 0 0 0 0 0 0 0 0 0 0 .0134189 0 0 0 0 0 0 0 0 0 .0130254 0 0 0 0 0 0 0 0 0 0 0 0 0 0 0 0 0 0 0 0 0 0 0 0 0 0 0 0 0 0
15 .136536 .1047316 .0468084 .1650979 .1014777 .1235881 .1593773 .14138 .0331175 .159806 .0299293 .0320841 .0185655 .0324936 0 .215614 .0276758 .0298772 .026432 .0177641 .1361949 .0133351 .0209169 0 .1110562 0 .0580731 0 0 0 0 .019059 0 0 0 0 0 0 0 0 0 0 0 0 .0147813 0 0 0 0 0 0 0 0 0 .0228584 0 0 0 0 0 0 0 0 0 .0216873 0 0 0 0 0 0 0 0 0 0 0 0 0 0 0 0 0 0 0 0 0 0 0 0 .013942 0 0 0 0 0
16 .1001106 .0704918 .0405501 .0935022 .0690193 .0803885 .0916517 .2809044 .0303592 .1074385 .0310098 .0312903 .0175053 .0302104 .215614 0 .0245541 .0345418 .023547 .0166265 .3436739 .0140336 .0231079 0 .1880853 0 .0765314 0 0 0 0 .0188304 0 0 0 0 0 0 0 0 0 0 0 0 .015869 0 0 0 0 0 0 0 0 0 .0238996 0 0 0 0 0 0 0 0 0 .0228437 0 0 0 0 0 0 0 0 0 0 0 0 0 0 0 0 0 0 .0128902 0 0 0 .0126903 0 .0146495 0 .0125131 0 0 0
17 .0283815 .0374401 .04123 .033164 .0379589 .0350917 .0334371 .0232984 .0357996 .0288234 .0168756 .0204748 .0292845 .0252837 .0276758 .0245541 0 .0143744 .2233313 .0344625 .023004 0 0 .0151507 .022845 0 .0193637 0 0 0 0 .0178041 0 0 0 0 0 0 0 0 0 0 0 0 0 0 0 0 0 0 0 0 0 0 .0153734 0 0 0 0 0 0 0 0 0 .0144261 0 0 0 0 0 0 0 0 0 0 0 0 0 0 0 0 0 0 0 0 0 0 0 0 0 0 0 0 0 0
18 .0282562 .0233282 .0191721 .0253711 .0231349 .0241645 .0252128 .037497 .0170081 .0281206 .0301104 .0231904 0 .0196888 .0298772 .0345418 .0143744 0 .0140786 0 .0382686 .0216474 .0697316 0 .0369085 0 .0461217 0 0 0 0 .0142496 0 0 0 0 0 0 0 0 0 0 0 0 .0278627 0 0 0 0 0 0 0 0 0 .0209677 0 0 0 0 0 0 0 0 0 .0215421 0 0 0 0 0 0 0 0 0 0 0 0 0 0 0 0 0 0 .0188037 0 0 0 .0171133 0 .0173047 0 .0154422 0 0 0
19 .0277137 .0353491 .0357148 .0314663 .0357402 .0326984 .0316872 .0225337 .0310061 .0280231 .0170775 .0210723 .0262311 .0265889 .026432 .023547 .2233313 .0140786 0 .0310808 .0221698 0 0 .0143056 .0217824 0 .0185336 0 0 0 0 .0164953 0 0 0 0 0 0 0 0 0 0 0 0 0 0 0 0 0 0 0 0 0 0 .0145116 0 0 0 0 0 0 0 0 0 .0136819 0 0 0 0 0 0 0 0 0 0 0 0 0 0 0 0 0 0 0 0 0 0 0 0 0 0 0 0 0 0
20 .0170979 .020513 .027852 .0194333 .0207191 .0206883 .0195458 .0158003 .0327941 .017373 0 .0130531 .0858481 .014678 .0177641 .0166265 .0344625 0 .0310808 0 .015862 0 0 .0253843 .0163928 0 .0149147 0 .0127321 0 .0146548 .0219167 0 0 .0162179 0 .0171813 0 .0142601 0 0 0 0 0 0 0 0 0 0 0 0 0 0 0 .0150935 0 0 0 0 0 0 0 0 0 .0140353 0 0 0 0 0 0 0 0 0 0 0 0 0 0 0 0 0 0 0 0 0 0 0 0 0 0 0 0 0 0
21 .0885542 .0594321 .0363618 .0749434 .058283 .0653439 .0736469 .5048808 .0280601 .0918921 .0327461 .0318442 .016687 .0298189 .1361949 .3436739 .023004 .0382686 .0221698 .015862 0 .0146212 .0247114 0 .1814578 0 .0847867 0 0 0 0 .0182012 0 0 0 0 0 0 0 0 0 0 0 0 .0165338 0 0 0 0 0 0 0 0 0 .0236677 0 0 0 0 0 0 0 0 0 .022796 0 0 0 0 0 0 0 0 0 0 0 0 0 0 0 0 0 0 .0132683 0 0 0 .0129879 0 .0148487 0 .012719 0 0 0
22 .0135962 0 0 0 0 0 0 .0147024 0 .0134603 .0192546 .0152891 0 .0130692 .0133351 .0140336 0 .0216474 0 0 .0146212 0 .027263 0 .014029 0 .0148159 0 0 0 0 0 0 0 0 0 0 0 0 0 .0192273 0 0 0 .022107 0 0 0 0 0 0 0 0 0 0 0 0 0 0 0 0 0 0 0 0 0 0 0 0 0 0 .0165277 0 0 0 0 0 0 0 0 0 0 0 .0158845 0 0 0 .0131232 0 0 0 0 0 0 0
23 .0201762 .017481 .0151324 .0186028 .0173718 .017954 .0185175 .0243892 .0138439 .0200837 .0235524 .0184215 0 .0158409 .0209169 .0231079 0 .0697316 0 0 .0247114 .027263 0 0 .0242868 0 .0285932 0 0 0 0 0 0 0 0 0 0 0 0 0 0 0 0 0 .0424792 0 0 0 0 0 0 0 0 0 .0180034 0 0 0 0 0 0 0 0 0 .0188219 0 0 0 0 0 0 .0143618 0 0 0 0 0 0 0 0 0 0 0 .0234789 0 0 0 .0197112 0 .0176441 0 .0165991 0 0 0
24 0 .0129832 .0165209 .0127401 .0130648 .0133665 .0127852 0 .0195492 0 0 0 .0313737 0 0 0 .0151507 0 .0143056 .0253843 0 0 0 0 0 0 0 0 .0186922 0 .0308232 .0255843 0 0 .042746 .0209535 .0529106 0 .0242392 0 0 0 0 0 0 .0131086 0 0 0 0 0 0 0 0 .0148708 0 0 0 0 0 0 0 0 0 .0139311 0 0 0 0 0 0 0 0 0 0 0 0 0 0 0 0 0 0 0 0 0 0 0 0 0 0 0 0 0 0
25 .0654621 .0554989 .0398353 .0682293 .0548771 .0652285 .0675385 .1347481 .0309145 .0688295 .0278564 .0271515 .0175496 .0260452 .1110562 .1880853 .022845 .0369085 .0217824 .0163928 .1814578 .014029 .0242868 0 0 0 .120913 0 0 0 0 .020065 0 0 0 0 0 0 0 0 0 0 0 0 .0167536 0 0 0 0 0 0 0 0 0 .0271577 0 0 0 0 0 0 0 0 0 .0259161 0 0 0 0 0 0 0 0 0 0 0 0 0 0 0 0 0 0 .0136093 0 0 0 .0134922 0 .0158739 0 .0133679 0 0 0
26 0 0 0 0 0 0 0 0 0 0 0 0 0 0 0 0 0 0 0 0 0 0 0 0 0 0 0 0 0 .0208323 0 0 .0225853 .0466846 0 0 0 0 0 0 0 0 .0268194 .044918 0 .0129624 .0400334 .0399691 0 .0441413 .0392219 0 0 0 0 0 .0137603 .016353 0 .0238101 .0165937 0 0 .0136547 0 0 0 0 .0199339 .0190363 0 0 .0222762 0 0 0 0 .020599 .014685 0 .013473 0 0 0 0 .0157518 0 0 .0138171 0 0 0 0 0 0
27 .0436266 .0380707 .0318736 .0436214 .0377975 .0427317 .0433447 .073204 .0268268 .0447604 .0258215 .0237127 .01614 .022109 .0580731 .0765314 .0193637 .0461217 .0185336 .0149147 .0847867 .0148159 .0285932 0 .120913 0 0 0 0 0 0 .0199594 0 0 0 0 0 0 0 0 0 0 0 0 .0192203 0 0 0 0 0 0 0 0 0 .0307253 0 0 0 0 0 0 0 0 0 .0299612 0 0 0 0 0 0 0 0 0 0 0 0 0 0 0 0 0 0 .0153129 0 0 0 .0151831 0 .0179968 0 .0149482 0 0 0
28 0 0 0 0 0 0 0 0 0 0 0 0 0 0 0 0 0 0 0 0 0 0 0 0 0 0 0 0 0 0 0 0 0 0 0 0 0 .0531737 0 0 0 .0401978 0 0 0 0 0 0 .0269553 0 0 0 .0212314 0 0 0 .0266957 .0217044 0 .0151019 0 0 .0181979 .0225266 0 .0191383 0 .0131271 .0177119 .0182471 0 0 .0168064 0 0 .0166663 0 .0154124 .0148696 0 .014881 0 0 0 .0140614 .0130192 0 0 0 0 0 0 0 0 0
29 0 0 0 0 0 0 0 0 0 0 0 0 .0128828 0 0 0 0 0 0 .0127321 0 0 0 .0186922 0 0 0 0 0 .0256575 .033859 0 .0230062 .0152517 .0251941 .0265945 .0214981 0 .0754707 0 0 0 0 0 0 .0182349 0 0 0 0 0 0 0 0 0 0 0 0 0 0 0 .0131541 0 0 0 0 0 0 0 0 0 0 0 0 0 0 0 0 0 0 0 0 0 0 0 0 0 0 0 0 0 0 0 0 0
30 0 0 0 0 0 0 0 0 0 0 0 0 0 0 0 0 0 0 0 0 0 0 0 0 0 .0208323 0 0 .0256575 0 .0168832 0 .1364359 .0375878 .0141851 .0183472 .0128605 0 .0205103 0 0 0 .0164571 .0155804 0 .0200681 .0158135 .0158441 0 .0158752 .0155234 0 0 0 0 0 0 0 0 0 .0132123 .0149168 0 0 0 0 0 0 0 0 0 0 0 0 0 0 0 .0127699 0 0 0 0 0 0 0 .0127563 0 0 0 0 0 0 0 0 0
31 0 0 0 0 0 0 0 0 0 0 0 0 .0158441 0 0 0 0 0 0 .0146548 0 0 0 .0308232 0 0 0 0 .033859 .0168832 0 .0146319 .0164851 0 .0885093 .0550266 .0538344 0 .0594176 0 0 0 0 0 0 .0216022 0 0 0 0 0 0 0 0 0 .01384 0 0 0 0 0 .0153878 0 0 0 0 0 0 0 0 0 0 0 0 0 0 0 0 0 0 0 0 0 0 0 0 0 0 0 0 0 0 0 0 0
32 .0169187 .0190955 .0268346 .0191401 .0192312 .0204854 .019214 .0177001 .0342676 .0172794 0 0 .0291763 0 .019059 .0188304 .0178041 .0142496 .0164953 .0219167 .0182012 0 0 .0255843 .020065 0 .0199594 0 0 0 .0146319 0 0 0 .0174482 .0126382 .019892 0 .012514 0 0 0 0 0 0 0 0 0 0 0 0 0 0 0 .0355098 0 0 0 0 0 0 0 0 0 .0305279 0 0 0 0 0 0 0 0 0 0 0 0 0 0 0 0 0 0 0 0 0 0 0 0 .0167222 0 .0133001 0 0 0
33 0 0 0 0 0 0 0 0 0 0 0 0 0 0 0 0 0 0 0 0 0 0 0 0 0 .0225853 0 0 .0230062 .1364359 .0164851 0 0 .0433359 .0139344 .0186142 .012667 0 .019255 0 0 0 .0162229 .0160672 0 .0220722 .016152 .0161779 0 .0163138 .0158671 0 0 0 0 0 0 0 0 0 .0146267 .016319 0 0 0 0 0 0 0 0 0 0 0 .0125034 0 0 0 .0126809 0 0 0 0 0 0 0 0 .0125401 0 0 0 0 0 0 0 0
34 0 0 0 0 0 0 0 0 0 0 0 0 0 0 0 0 0 0 0 0 0 0 0 0 0 .0466846 0 0 .0152517 .0375878 0 0 .0433359 0 0 .0132506 0 0 .0133617 0 0 0 .0229277 .0252504 0 .0162959 .0250565 .0251004 0 .0257081 .0244384 0 0 0 0 0 0 0 0 .0160626 .0159912 .0138443 0 0 0 0 0 0 .0143802 .0149797 0 0 .016158 0 0 0 0 .0168104 .0134815 0 .0125244 .0125324 0 0 0 .0149121 .0125519 0 .0125922 0 0 0 0 0 0
35 0 0 0 0 0 0 0 0 .0135012 0 0 0 .0181378 0 0 0 0 0 0 .0162179 0 0 0 .042746 0 0 0 0 .0251941 .0141851 .0885093 .0174482 .0139344 0 0 .0410995 .1374145 0 .0377481 0 0 0 0 0 0 .0188892 0 0 0 0 0 0 0 0 0 .013907 0 0 0 0 0 .014349 0 0 0 0 0 0 0 0 0 0 0 0 0 0 0 0 0 0 0 0 0 0 0 0 0 0 0 0 0 0 0 0 0
36 0 0 0 0 0 0 0 0 0 0 0 0 .0125913 0 0 0 0 0 0 0 0 0 0 .0209535 0 0 0 0 .0265945 .0183472 .0550266 .0126382 .0186142 .0132506 .0410995 0 .0334156 0 .0346451 0 0 0 0 0 0 .0348253 0 0 0 0 0 0 0 0 0 .0177418 0 0 .01325 0 0 .0213592 0 0 0 0 0 0 0 0 0 0 0 .0149756 0 0 0 0 0 0 0 0 0 0 0 0 0 0 0 0 0 0 0 0 0
37 0 0 .0128602 0 0 0 0 0 .0146584 0 0 0 .0197354 0 0 0 0 0 0 .0171813 0 0 0 .0529106 0 0 0 0 .0214981 .0128605 .0538344 .019892 .012667 0 .1374145 .0334156 0 0 .0300599 0 0 0 0 0 0 .0172456 0 0 0 0 0 0 0 0 .012943 .0137719 0 0 0 0 0 .013609 0 0 0 0 0 0 0 0 0 0 0 0 0 0 0 0 0 0 0 0 0 0 0 0 0 0 0 0 0 0 0 0 0
38 0 0 0 0 0 0 0 0 0 0 0 0 0 0 0 0 0 0 0 0 0 0 0 0 0 0 0 .0531737 0 0 0 0 0 0 0 0 0 0 0 0 0 .0974119 .0129651 0 0 0 0 0 .0513171 0 .0126107 .0139339 .0351646 0 0 0 .0310067 .0188555 0 .0140262 0 0 .0273597 .0283427 0 .027436 0 .0173973 .0162225 .0191216 0 0 .0165369 0 0 .0217675 0 .0167401 .0179161 0 .0184093 .0130645 0 0 .0187708 .0151826 0 0 0 0 0 0 0 0 0
39 0 0 0 0 0 0 0 0 0 0 0 0 .0147694 0 0 0 0 0 0 .0142601 0 0 0 .0242392 0 0 0 0 .0754707 .0205103 .0594176 .012514 .019255 .0133617 .0377481 .0346451 .0300599 0 0 0 0 0 0 0 0 .0193024 0 0 0 0 0 0 0 0 0 0 0 0 0 0 0 .0137977 0 0 0 0 0 0 0 0 0 0 0 0 0 0 0 0 0 0 0 0 0 0 0 0 0 0 0 0 0 0 0 0 0
40 0 0 0 0 0 0 0 0 0 0 0 0 0 0 0 0 0 0 0 0 0 0 0 0 0 0 0 0 0 0 0 0 0 0 0 0 0 0 0 0 0 0 0 0 0 0 0 0 0 0 0 .0190953 0 0 0 0 0 0 0 0 0 0 0 0 0 0 0 0 0 0 0 0 0 0 0 0 0 0 0 0 0 0 0 0 0 0 0 0 0 0 0 0 0 0 0
41 0 0 0 0 0 0 0 0 0 0 .0153011 .0137164 0 0 0 0 0 0 0 0 0 .0192273 0 0 0 0 0 0 0 0 0 0 0 0 0 0 0 0 0 0 0 0 0 0 0 0 0 0 0 0 0 0 0 0 0 0 0 0 0 0 0 0 0 0 0 0 0 0 0 0 0 0 0 0 0 0 0 0 0 0 0 0 0 0 0 0 0 0 0 0 0 0 0 0 0
42 0 0 0 0 0 0 0 0 0 0 0 0 0 0 0 0 0 0 0 0 0 0 0 0 0 0 0 .0401978 0 0 0 0 0 0 0 0 0 .0974119 0 0 0 0 .0148731 .0135446 0 0 .0140664 .0140685 .0778585 .0136486 .0141918 .0133399 .0362758 0 0 0 .0430082 .0208104 0 .0154298 0 0 .03214 .0397409 0 .0363232 0 .018086 .0180304 .0230445 0 0 .0190261 0 0 .0276054 0 .0199937 .0219243 0 .0225599 .0149376 0 0 .021522 .0179724 0 0 0 0 0 0 0 0 0
43 0 0 0 0 0 0 0 0 0 0 0 0 0 0 0 0 0 0 0 0 0 0 0 0 0 .0268194 0 0 0 .0164571 0 0 .0162229 .0229277 0 0 0 .0129651 0 0 0 .0148731 0 .0415025 0 0 .0536076 .0542368 .0149947 .0461096 .0511773 0 0 .0141839 0 0 .0219069 .0194539 0 .0234237 0 0 .014242 .0236789 0 .0183835 0 0 .0227798 .0351664 0 0 .0323649 0 0 .0224213 0 .0565562 .0319773 0 .0268289 .0223967 0 0 .0149036 .0381097 0 0 0 0 0 0 0 0 0
44 0 0 0 0 0 0 0 0 0 0 0 0 0 0 0 0 0 0 0 0 0 0 0 0 0 .044918 0 0 0 .0155804 0 0 .0160672 .0252504 0 0 0 0 0 0 0 .0135446 .0415025 0 0 0 .1821865 .1756225 .0129336 .4069492 .2037359 0 0 0 0 0 .0197684 .0245643 0 .0412195 .0126027 0 0 .0192786 0 .0143926 0 0 .0331178 .032754 0 0 .0438962 0 0 .0161439 0 .0349723 .0197511 0 .017612 .0146403 0 0 0 .0205953 0 0 0 0 0 0 0 0 0
45 .01413 .0129537 0 .0135669 .0129053 .013338 .0135283 .0162713 0 .0141277 .015158 .0128583 0 0 .0147813 .015869 0 .0278627 0 0 .0165338 .022107 .0424792 0 .0167536 0 .0192203 0 0 0 0 0 0 0 0 0 0 0 0 0 0 0 0 0 0 0 0 0 0 0 0 0 0 0 .0164608 0 0 0 0 0 0 0 0 0 .017616 0 0 0 0 0 0 .0192317 0 0 0 0 0 0 0 0 0 0 0 .0504033 0 0 0 .0320434 0 .021285 0 .0223878 0 0 0
46 0 0 0 0 0 0 0 0 0 0 0 0 0 0 0 0 0 0 0 0 0 0 0 .0131086 0 .0129624 0 0 .0182349 .0200681 .0216022 0 .0220722 .0162959 .0188892 .0348253 .0172456 0 .0193024 0 0 0 0 0 0 0 0 0 0 0 0 0 0 0 0 .0223093 0 0 .0172295 0 .0168988 .0472037 0 0 0 0 0 0 0 0 0 0 0 .0235353 0 0 0 0 0 0 0 0 0 0 0 0 .0179112 0 .0125189 0 0 0 0 0 0
47 0 0 0 0 0 0 0 0 0 0 0 0 0 0 0 0 0 0 0 0 0 0 0 0 0 .0400334 0 0 0 .0158135 0 0 .016152 .0250565 0 0 0 0 0 0 0 .0140664 .0536076 .1821865 0 0 0 4.42437 .0135465 .3092396 .7669077 0 0 0 0 0 .0208876 .0240553 0 .0367383 0 0 0 .0207123 0 .0153518 0 0 .0315672 .0360662 0 0 .0452892 0 0 .0174829 0 .0415342 .0219595 0 .0193399 .0159184 0 0 0 .0231765 0 0 0 0 0 0 0 0 0
48 0 0 0 0 0 0 0 0 0 0 0 0 0 0 0 0 0 0 0 0 0 0 0 0 0 .0399691 0 0 0 .0158441 0 0 .0161779 .0251004 0 0 0 0 0 0 0 .0140685 .0542368 .1756225 0 0 4.42437 0 .0135555 .2929746 .6664687 0 0 0 0 0 .0208899 .0239747 0 .0364684 0 0 0 .0207341 0 .0153747 0 0 .0314061 .0360683 0 0 .0450922 0 0 .0175206 0 .0417076 .0220318 0 .0193955 .0159693 0 0 0 .0232753 0 0 0 0 0 0 0 0 0
49 0 0 0 0 0 0 0 0 0 0 0 0 0 0 0 0 0 0 0 0 0 0 0 0 0 0 0 .0269553 0 0 0 0 0 0 0 0 0 .0513171 0 0 0 .0778585 .0149947 .0129336 0 0 .0135465 .0135555 0 .0130942 .0136242 .014979 .0565093 0 0 0 .035186 .017421 0 .013879 0 0 .0547338 .0391482 0 .0562609 0 .0231471 .0157946 .0212512 0 0 .0172612 0 0 .0351401 0 .0196953 .0247393 0 .0266246 .0171671 0 0 .0293801 .0198269 0 0 0 0 0 0 0 0 0
50 0 0 0 0 0 0 0 0 0 0 0 0 0 0 0 0 0 0 0 0 0 0 0 0 0 .0441413 0 0 0 .0158752 0 0 .0163138 .0257081 0 0 0 0 0 0 0 .0136486 .0461096 .4069492 0 0 .3092396 .2929746 .0130942 0 .3269564 0 0 0 0 0 .0199926 .0239661 0 .0383813 0 0 0 .0196622 0 .0146923 0 0 .0318102 .0334691 0 0 .0433715 0 0 .0165897 0 .0369756 .0205224 0 .0182178 .015152 0 0 0 .0215623 0 0 0 0 0 0 0 0 0
51 0 0 0 0 0 0 0 0 0 0 0 0 0 0 0 0 0 0 0 0 0 0 0 0 0 .0392219 0 0 0 .0155234 0 0 .0158671 .0244384 0 0 0 .0126107 0 0 0 .0141918 .0511773 .2037359 0 0 .7669077 .6664687 .0136242 .3269564 0 0 0 0 0 0 .0211745 .0247847 0 .0385793 0 0 0 .0208877 0 .0153834 0 0 .0328891 .0369389 0 0 .0476211 0 0 .0174703 0 .0416877 .0218473 0 .0192569 .0157507 0 0 0 .0229057 0 0 0 0 0 0 0 0 0
52 0 0 0 0 0 0 0 0 0 0 0 0 0 0 0 0 0 0 0 0 0 0 0 0 0 0 0 0 0 0 0 0 0 0 0 0 0 .0139339 0 .0190953 0 .0133399 0 0 0 0 0 0 .014979 0 0 0 .0203702 0 0 0 0 0 0 0 0 0 .0172595 0 0 .0135216 0 .0264347 0 0 0 0 0 0 0 0 0 0 0 0 0 0 0 0 .015469 0 0 0 0 0 0 0 0 0 0
53 0 0 0 0 0 0 0 0 0 0 0 0 0 0 0 0 0 0 0 0 0 0 0 0 0 0 0 .0212314 0 0 0 0 0 0 0 0 0 .0351646 0 0 0 .0362758 0 0 0 0 0 0 .0565093 0 0 .0203702 0 0 0 0 .0216874 .0133778 0 0 0 0 .0642345 .0235449 0 .0356959 0 .0343895 0 .0155364 0 0 .0132435 0 0 .0255169 0 .0149355 .018942 0 .0206466 .0154481 0 0 .0310568 .0160892 0 0 0 0 0 0 0 0 0
54 0 0 0 0 0 0 0 0 0 0 0 0 0 0 0 0 0 0 0 0 0 0 0 0 0 0 0 0 0 0 0 0 0 0 0 0 0 0 0 0 0 0 .0141839 0 0 0 0 0 0 0 0 0 0 0 0 0 0 0 0 0 0 0 .0125665 0 0 .013459 0 0 0 0 0 0 0 0 0 .0152472 0 .0129323 .0164459 0 .0169389 .0283413 0 0 .0158663 .018578 0 0 0 0 .0490176 0 0 0 0
55 .0195927 .0205003 .0244369 .0213616 .020558 .022366 .0213853 .0226189 .0258296 .019998 .0140307 .0135782 .0176615 .0134189 .0228584 .0238996 .0153734 .0209677 .0145116 .0150935 .0236677 0 .0180034 .0148708 .0271577 0 .0307253 0 0 0 0 .0355098 0 0 0 0 .012943 0 0 0 0 0 0 0 .0164608 0 0 0 0 0 0 0 0 0 0 0 0 0 0 0 0 0 0 0 .1985504 0 0 0 0 0 0 0 0 0 0 0 0 0 0 0 0 0 0 .0154935 0 0 0 .0173461 0 .0281635 0 .0197689 0 0 0
56 0 0 0 0 0 0 0 0 0 0 0 0 0 0 0 0 0 0 0 0 0 0 0 0 0 0 0 0 0 0 .01384 0 0 0 .013907 .0177418 .0137719 0 0 0 0 0 0 0 0 .0223093 0 0 0 0 0 0 0 0 0 0 0 0 .046514 0 .0132943 .0311175 0 0 0 0 0 0 0 0 0 0 0 .0327028 0 0 0 0 0 0 0 0 0 0 0 0 .01742 0 0 0 0 0 0 0 0
57 0 0 0 0 0 0 0 0 0 0 0 0 0 0 0 0 0 0 0 0 0 0 0 0 0 .0137603 0 .0266957 0 0 0 0 0 0 0 0 0 .0310067 0 0 0 .0430082 .0219069 .0197684 0 0 .0208876 .0208899 .035186 .0199926 .0211745 0 .0216874 0 0 0 0 .0324205 0 .0228986 0 0 .0238211 .1022639 0 .0345213 0 .0144748 .0284185 .0496148 0 0 .0335784 0 0 .0332816 0 .0357265 .0311941 0 .029445 .0173807 0 0 .01961 .0245951 0 0 0 0 0 0 0 0 0
58 0 0 0 0 0 0 0 0 0 0 0 0 0 0 0 0 0 0 0 0 0 0 0 0 0 .016353 0 .0217044 0 0 0 0 0 0 0 0 0 .0188555 0 0 0 .0208104 .0194539 .0245643 0 0 .0240553 .0239747 .017421 .0239661 .0247847 0 .0133778 0 0 0 .0324205 0 0 .0490601 0 0 .0137679 .0254401 0 .0167523 0 0 .0906076 .0378267 0 0 .0483579 0 0 .0169759 0 .026262 .0179071 0 .0166747 0 0 0 0 .0163639 0 0 0 0 0 0 0 0 0
59 0 0 0 0 0 0 0 0 0 0 0 0 0 0 0 0 0 0 0 0 0 0 0 0 0 0 0 0 0 0 0 0 0 0 0 .01325 0 0 0 0 0 0 0 0 0 .0172295 0 0 0 0 0 0 0 0 0 .046514 0 0 0 0 .0144349 .0254732 0 0 0 0 0 0 0 0 0 0 0 .0410632 0 0 0 0 0 0 0 0 0 0 0 0 .0209954 0 .0126261 0 0 0 0 0 0
60 0 0 0 0 0 0 0 0 0 0 0 0 0 0 0 0 0 0 0 0 0 0 0 0 0 .0238101 0 .0151019 0 0 0 0 0 .0160626 0 0 0 .0140262 0 0 0 .0154298 .0234237 .0412195 0 0 .0367383 .0364684 .013879 .0383813 .0385793 0 0 0 0 0 .0228986 .0490601 0 0 0 0 0 .0202476 0 .0143031 0 0 .1019217 .0345378 0 0 .0597068 0 0 .0151748 0 .0276447 .0170665 0 .0156211 0 0 0 0 .0164962 0 0 0 0 0 0 0 0 0
61 0 0 0 0 0 0 0 0 0 0 0 0 0 0 0 0 0 0 0 0 0 0 0 0 0 .0165937 0 0 0 .0132123 0 0 .0146267 .0159912 0 0 0 0 0 0 0 0 0 .0126027 0 .0168988 0 0 0 0 0 0 0 0 0 .0132943 0 0 .0144349 0 0 .0206445 0 0 0 0 0 0 0 0 0 0 0 .0217088 0 0 0 0 0 0 0 0 0 0 0 0 .0430904 0 .046757 0 0 0 0 0 0
62 0 0 0 0 0 0 0 0 0 0 0 0 0 0 0 0 0 0 0 0 0 0 0 0 0 0 0 0 .0131541 .0149168 .0153878 0 .016319 .0138443 .014349 .0213592 .013609 0 .0137977 0 0 0 0 0 0 .0472037 0 0 0 0 0 0 0 0 0 .0311175 0 0 .0254732 0 .0206445 0 0 0 0 0 0 0 0 0 0 0 0 .0469349 0 0 0 0 0 0 0 0 0 0 0 0 .0261582 0 .0149608 0 0 0 0 0 0
63 0 0 0 0 0 0 0 0 0 0 0 0 0 0 0 0 0 0 0 0 0 0 0 0 0 0 0 .0181979 0 0 0 0 0 0 0 0 0 .0273597 0 0 0 .03214 .014242 0 0 0 0 0 .0547338 0 0 .0172595 .0642345 .0125665 0 0 .0238211 .0137679 0 0 0 0 0 .0282274 0 .0620823 0 .036844 .0130012 .0174997 0 0 .0144596 0 0 .0386204 0 .0174914 .025176 0 .0288654 .020304 0 0 .0571089 .0206724 0 0 0 0 0 0 0 0 0
64 0 0 0 0 0 0 0 0 0 0 0 0 0 0 0 0 0 0 0 0 0 0 0 0 0 .0136547 0 .0225266 0 0 0 0 0 0 0 0 0 .0283427 0 0 0 .0397409 .0236789 .0192786 0 0 .0207123 .0207341 .0391482 .0196622 .0208877 0 .0235449 0 0 0 .1022639 .0254401 0 .0202476 0 0 .0282274 0 0 .0482002 0 .0160123 .0238568 .0453738 0 0 .0295999 0 0 .049205 0 .0392497 .0431948 0 .0409809 .0207873 0 0 .0236655 .0308239 0 0 0 0 0 0 0 0 0
65 .0187592 .0192883 .0221742 .0201427 .0193251 .0209149 .0201534 .0218119 .0230354 .0191075 .0139013 .0132964 .0162192 .0130254 .0216873 .0228437 .0144261 .0215421 .0136819 .0140353 .022796 0 .0188219 .0139311 .0259161 0 .0299612 0 0 0 0 .0305279 0 0 0 0 0 0 0 0 0 0 0 0 .017616 0 0 0 0 0 0 0 0 0 .1985504 0 0 0 0 0 0 0 0 0 0 0 0 0 0 0 0 0 0 0 0 0 0 0 0 0 0 0 0 .016727 0 0 0 .0189963 0 .0326257 0 .0219144 0 0 0
66 0 0 0 0 0 0 0 0 0 0 0 0 0 0 0 0 0 0 0 0 0 0 0 0 0 0 0 .0191383 0 0 0 0 0 0 0 0 0 .027436 0 0 0 .0363232 .0183835 .0143926 0 0 .0153518 .0153747 .0562609 .0146923 .0153834 .0135216 .0356959 .013459 0 0 .0345213 .0167523 0 .0143031 0 0 .0620823 .0482002 0 0 0 .0236568 .0159603 .024012 0 0 .0185659 0 0 .0880137 0 .0243495 .0403559 0 .0482973 .0247042 0 0 .0452079 .0291772 0 0 0 0 0 0 0 0 0
67 0 0 0 0 0 0 0 0 0 0 0 0 0 0 0 0 0 0 0 0 0 0 0 0 0 0 0 0 0 0 0 0 0 0 0 0 0 0 0 0 0 0 0 0 0 0 0 0 0 0 0 0 0 0 0 0 0 0 0 0 0 0 0 0 0 0 0 0 0 0 0 0 0 0 .0177565 0 .0175037 0 0 .0164597 0 0 .0305787 0 0 0 0 0 0 0 0 0 0 0 0
68 0 0 0 0 0 0 0 0 0 0 0 0 0 0 0 0 0 0 0 0 0 0 0 0 0 0 0 .0131271 0 0 0 0 0 0 0 0 0 .0173973 0 0 0 .018086 0 0 0 0 0 0 .0231471 0 0 .0264347 .0343895 0 0 0 .0144748 0 0 0 0 0 .036844 .0160123 0 .0236568 0 0 0 0 0 0 0 0 0 .0201639 0 0 .0159967 0 .0176767 .0160136 0 0 .036313 .014443 0 0 0 0 0 0 0 0 0
69 0 0 0 0 0 0 0 0 0 0 0 0 0 0 0 0 0 0 0 0 0 0 0 0 0 .0199339 0 .0177119 0 0 0 0 0 .0143802 0 0 0 .0162225 0 0 0 .0180304 .0227798 .0331178 0 0 .0315672 .0314061 .0157946 .0318102 .0328891 0 0 0 0 0 .0284185 .0906076 0 .1019217 0 0 .0130012 .0238568 0 .0159603 0 0 0 .0421635 0 0 .073813 0 0 .0167091 0 .0298696 .0184331 0 .0168981 .0127098 0 0 0 .0172982 0 0 0 0 0 0 0 0 0
70 0 0 0 0 0 0 0 0 0 0 0 0 0 0 0 0 0 0 0 0 0 0 0 0 0 .0190363 0 .0182471 0 0 0 0 0 .0149797 0 0 0 .0191216 0 0 0 .0230445 .0351664 .032754 0 0 .0360662 .0360683 .0212512 .0334691 .0369389 0 .0155364 0 0 0 .0496148 .0378267 0 .0345378 0 0 .0174997 .0453738 0 .024012 0 0 .0421635 0 0 0 .0809749 0 0 .0270652 0 .0824129 .032745 0 .0281625 .0180689 0 0 .0162912 .0287533 0 0 0 0 0 0 0 0 0
71 0 0 0 0 0 0 0 0 0 0 0 0 0 0 0 0 0 0 0 0 0 0 0 0 0 0 0 0 0 0 0 0 0 0 0 0 0 0 0 0 0 0 0 0 0 0 0 0 0 0 0 0 0 0 0 0 0 0 0 0 0 0 0 0 0 0 0 0 0 0 0 0 0 0 .0175242 0 .0159979 0 0 .0168551 0 0 0 0 0 0 0 0 0 0 0 0 0 0 0
72 0 0 0 0 0 0 0 0 0 0 0 0 0 0 0 0 0 0 0 0 0 .0165277 .0143618 0 0 0 0 0 0 0 0 0 0 0 0 0 0 0 0 0 0 0 0 0 .0192317 0 0 0 0 0 0 0 0 0 0 0 0 0 0 0 0 0 0 0 0 0 0 0 0 0 0 0 0 0 0 0 0 0 0 0 0 0 0 .0202381 0 0 0 .015991 0 0 0 .012721 0 0 0
73 0 0 0 0 0 0 0 0 0 0 0 0 0 0 0 0 0 0 0 0 0 0 0 0 0 .0222762 0 .0168064 0 0 0 0 0 .016158 0 0 0 .0165369 0 0 0 .0190261 .0323649 .0438962 0 0 .0452892 .0450922 .0172612 .0433715 .0476211 0 .0132435 0 0 0 .0335784 .0483579 0 .0597068 0 0 .0144596 .0295999 0 .0185659 0 0 .073813 .0809749 0 0 0 0 0 .0203031 0 .0496451 .0238393 0 .021146 .0152413 0 0 .0135634 .0224017 0 0 0 0 0 0 0 0 0
74 0 0 0 0 0 0 0 0 0 0 0 0 0 0 0 0 0 0 0 0 0 0 0 0 0 0 0 0 0 0 0 0 .0125034 0 0 .0149756 0 0 0 0 0 0 0 0 0 .0235353 0 0 0 0 0 0 0 0 0 .0327028 0 0 .0410632 0 .0217088 .0469349 0 0 0 0 0 0 0 0 0 0 0 0 0 0 0 0 0 0 0 0 0 0 0 0 .0372712 0 .0169273 0 0 0 0 0 0
75 0 0 0 0 0 0 0 0 0 0 0 0 0 0 0 0 0 0 0 0 0 0 0 0 0 0 0 0 0 0 0 0 0 0 0 0 0 0 0 0 0 0 0 0 0 0 0 0 0 0 0 0 0 0 0 0 0 0 0 0 0 0 0 0 0 0 .0177565 0 0 0 .0175242 0 0 0 0 0 .1576571 0 0 .1605927 0 0 .0345887 0 0 0 0 0 0 0 0 0 0 0 0
76 0 0 0 0 0 0 0 0 0 0 0 0 0 0 0 0 0 0 0 0 0 0 0 0 0 0 0 .0166663 0 0 0 0 0 0 0 0 0 .0217675 0 0 0 .0276054 .0224213 .0161439 0 0 .0174829 .0175206 .0351401 .0165897 .0174703 0 .0255169 .0152472 0 0 .0332816 .0169759 0 .0151748 0 0 .0386204 .049205 0 .0880137 0 .0201639 .0167091 .0270652 0 0 .0203031 0 0 0 0 .0299422 .0722801 0 .107027 .0325397 0 0 .0405839 .0435349 0 0 0 0 .0133636 0 0 0 0
77 0 0 0 0 0 0 0 0 0 0 0 0 0 0 0 0 0 0 0 0 0 0 0 0 0 0 0 0 0 0 0 0 0 0 0 0 0 0 0 0 0 0 0 0 0 0 0 0 0 0 0 0 0 0 0 0 0 0 0 0 0 0 0 0 0 0 .0175037 0 0 0 .0159979 0 0 0 .1576571 0 0 0 0 .2377404 0 0 .0367001 0 0 0 0 0 0 0 0 0 0 0 0
78 0 0 0 0 0 0 0 0 0 0 0 0 0 0 0 0 0 0 0 0 0 0 0 0 0 .020599 0 .0154124 0 .0127699 0 0 .0126809 .0168104 0 0 0 .0167401 0 0 0 .0199937 .0565562 .0349723 0 0 .0415342 .0417076 .0196953 .0369756 .0416877 0 .0149355 .0129323 0 0 .0357265 .026262 0 .0276447 0 0 .0174914 .0392497 0 .0243495 0 0 .0298696 .0824129 0 0 .0496451 0 0 .0299422 0 0 .043229 0 .0344291 .0219646 0 0 .0172877 .0407707 0 0 0 0 0 0 0 0 0
79 0 0 0 0 0 0 0 0 0 0 0 0 0 0 0 0 0 0 0 0 0 0 0 0 0 .014685 0 .0148696 0 0 0 0 0 .0134815 0 0 0 .0179161 0 0 0 .0219243 .0319773 .0197511 0 0 .0219595 .0220318 .0247393 .0205224 .0218473 0 .018942 .0164459 0 0 .0311941 .0179071 0 .0170665 0 0 .025176 .0431948 0 .0403559 0 .0159967 .0184331 .032745 0 0 .0238393 0 0 .0722801 0 .043229 0 0 .1618814 .0385613 0 0 .0277512 .0990183 0 0 0 0 .0136174 0 0 0 0
80 0 0 0 0 0 0 0 0 0 0 0 0 0 0 0 0 0 0 0 0 0 0 0 0 0 0 0 0 0 0 0 0 0 0 0 0 0 0 0 0 0 0 0 0 0 0 0 0 0 0 0 0 0 0 0 0 0 0 0 0 0 0 0 0 0 0 .0164597 0 0 0 .0168551 0 0 0 .1605927 0 .2377404 0 0 0 0 0 .0318756 0 0 0 0 0 0 0 0 0 0 0 0
81 0 0 0 0 0 0 0 0 0 0 0 0 0 0 0 0 0 0 0 0 0 0 0 0 0 .013473 0 .014881 0 0 0 0 0 .0125244 0 0 0 .0184093 0 0 0 .0225599 .0268289 .017612 0 0 .0193399 .0193955 .0266246 .0182178 .0192569 0 .0206466 .0169389 0 0 .029445 .0166747 0 .0156211 0 0 .0288654 .0409809 0 .0482973 0 .0176767 .0168981 .0281625 0 0 .021146 0 0 .107027 0 .0344291 .1618814 0 0 .0421029 0 0 .0334478 .0726474 0 0 0 0 .0142367 0 0 0 0
82 0 0 0 0 0 0 0 0 0 0 0 0 0 0 0 0 0 0 0 0 0 0 0 0 0 0 0 0 0 0 0 0 0 .0125324 0 0 0 .0130645 0 0 0 .0149376 .0223967 .0146403 0 0 .0159184 .0159693 .0171671 .015152 .0157507 0 .0154481 .0283413 0 0 .0173807 0 0 0 0 0 .020304 .0207873 0 .0247042 0 .0160136 .0127098 .0180689 0 0 .0152413 0 0 .0325397 0 .0219646 .0385613 0 .0421029 0 0 0 .0278082 .0476 0 0 0 0 .0209543 0 0 0 0
83 0 0 0 0 0 0 0 0 0 0 0 0 0 0 0 0 0 0 0 0 0 0 0 0 0 0 0 0 0 0 0 0 0 0 0 0 0 0 0 0 0 0 0 0 0 0 0 0 0 0 0 0 0 0 0 0 0 0 0 0 0 0 0 0 0 0 .0305787 0 0 0 0 0 0 0 .0345887 0 .0367001 0 0 .0318756 0 0 0 0 0 0 0 0 0 0 0 0 0 0 0
84 0 0 0 0 0 0 0 .013046 0 0 0 0 0 0 0 .0128902 0 .0188037 0 0 .0132683 .0158845 .0234789 0 .0136093 0 .0153129 0 0 0 0 0 0 0 0 0 0 0 0 0 0 0 0 0 .0504033 0 0 0 0 0 0 0 0 0 .0154935 0 0 0 0 0 0 0 0 0 .016727 0 0 0 0 0 0 .0202381 0 0 0 0 0 0 0 0 0 0 0 0 0 0 0 .0667057 0 .0252733 0 .0320166 0 0 0
85 0 0 0 0 0 0 0 0 0 0 0 0 0 0 0 0 0 0 0 0 0 0 0 0 0 0 0 .0140614 0 0 0 0 0 0 0 0 0 .0187708 0 0 0 .021522 .0149036 0 0 0 0 0 .0293801 0 0 .015469 .0310568 .0158663 0 0 .01961 0 0 0 0 0 .0571089 .0236655 0 .0452079 0 .036313 0 .0162912 0 0 .0135634 0 0 .0405839 0 .0172877 .0277512 0 .0334478 .0278082 0 0 0 .0238637 0 0 0 0 .0153107 0 0 0 0
86 0 0 0 0 0 0 0 0 0 0 0 0 0 0 0 0 0 0 0 0 0 0 0 0 0 .0157518 0 .0130192 0 .0127563 0 0 0 .0149121 0 0 0 .0151826 0 0 0 .0179724 .0381097 .0205953 0 0 .0231765 .0232753 .0198269 .0215623 .0229057 0 .0160892 .018578 0 0 .0245951 .0163639 0 .0164962 0 0 .0206724 .0308239 0 .0291772 0 .014443 .0172982 .0287533 0 0 .0224017 0 0 .0435349 0 .0407707 .0990183 0 .0726474 .0476 0 0 .0238637 0 0 0 0 0 .0146232 0 0 0 0
87 0 0 0 0 0 0 0 0 0 0 0 0 0 0 0 0 0 0 0 0 0 0 0 0 0 0 0 0 0 0 0 0 .0125401 .0125519 0 0 0 0 0 0 0 0 0 0 0 .0179112 0 0 0 0 0 0 0 0 0 .01742 0 0 .0209954 0 .0430904 .0261582 0 0 0 0 0 0 0 0 0 0 0 .0372712 0 0 0 0 0 0 0 0 0 0 0 0 0 0 .0309648 0 0 0 0 0 0
88 0 0 0 0 0 0 0 .0127315 0 0 0 0 0 0 0 .0126903 0 .0171133 0 0 .0129879 .0131232 .0197112 0 .0134922 0 .0151831 0 0 0 0 0 0 0 0 0 0 0 0 0 0 0 0 0 .0320434 0 0 0 0 0 0 0 0 0 .0173461 0 0 0 0 0 0 0 0 0 .0189963 0 0 0 0 0 0 .015991 0 0 0 0 0 0 0 0 0 0 0 .0667057 0 0 0 0 0 .0367818 0 .060903 0 0 0
89 0 0 0 0 0 0 0 0 0 0 0 0 0 0 0 0 0 0 0 0 0 0 0 0 0 .0138171 0 0 0 0 0 0 0 .0125922 0 0 0 0 0 0 0 0 0 0 0 .0125189 0 0 0 0 0 0 0 0 0 0 0 0 .0126261 0 .046757 .0149608 0 0 0 0 0 0 0 0 0 0 0 .0169273 0 0 0 0 0 0 0 0 0 0 0 0 .0309648 0 0 0 0 0 0 0 0
90 .0127794 .0126273 .0133202 .0130828 .0126261 .0132638 .0130752 .0144454 .0135078 .0128991 0 0 0 0 .013942 .0146495 0 .0173047 0 0 .0148487 0 .0176441 0 .0158739 0 .0179968 0 0 0 0 .0167222 0 0 0 0 0 0 0 0 0 0 0 0 .021285 0 0 0 0 0 0 0 0 0 .0281635 0 0 0 0 0 0 0 0 0 .0326257 0 0 0 0 0 0 0 0 0 0 0 0 0 0 0 0 0 0 .0252733 0 0 0 .0367818 0 0 0 .064894 0 0 0
91 0 0 0 0 0 0 0 0 0 0 0 0 0 0 0 0 0 0 0 0 0 0 0 0 0 0 0 0 0 0 0 0 0 0 0 0 0 0 0 0 0 0 0 0 0 0 0 0 0 0 0 0 0 .0490176 0 0 0 0 0 0 0 0 0 0 0 0 0 0 0 0 0 0 0 0 0 .0133636 0 0 .0136174 0 .0142367 .0209543 0 0 .0153107 .0146232 0 0 0 0 0 0 0 0 0
92 0 0 0 0 0 0 0 0 0 0 0 0 0 0 0 .0125131 0 .0154422 0 0 .012719 0 .0165991 0 .0133679 0 .0149482 0 0 0 0 .0133001 0 0 0 0 0 0 0 0 0 0 0 0 .0223878 0 0 0 0 0 0 0 0 0 .0197689 0 0 0 0 0 0 0 0 0 .0219144 0 0 0 0 0 0 .012721 0 0 0 0 0 0 0 0 0 0 0 .0320166 0 0 0 .060903 0 .064894 0 0 0 0 0
93 0 0 0 0 0 0 0 0 0 0 0 0 0 0 0 0 0 0 0 0 0 0 0 0 0 0 0 0 0 0 0 0 0 0 0 0 0 0 0 0 0 0 0 0 0 0 0 0 0 0 0 0 0 0 0 0 0 0 0 0 0 0 0 0 0 0 0 0 0 0 0 0 0 0 0 0 0 0 0 0 0 0 0 0 0 0 0 0 0 0 0 0 0 .0184235 .0165387
94 0 0 0 0 0 0 0 0 0 0 0 0 0 0 0 0 0 0 0 0 0 0 0 0 0 0 0 0 0 0 0 0 0 0 0 0 0 0 0 0 0 0 0 0 0 0 0 0 0 0 0 0 0 0 0 0 0 0 0 0 0 0 0 0 0 0 0 0 0 0 0 0 0 0 0 0 0 0 0 0 0 0 0 0 0 0 0 0 0 0 0 0 .0184235 0 0
95 0 0 0 0 0 0 0 0 0 0 0 0 0 0 0 0 0 0 0 0 0 0 0 0 0 0 0 0 0 0 0 0 0 0 0 0 0 0 0 0 0 0 0 0 0 0 0 0 0 0 0 0 0 0 0 0 0 0 0 0 0 0 0 0 0 0 0 0 0 0 0 0 0 0 0 0 0 0 0 0 0 0 0 0 0 0 0 0 0 0 0 0 .0165387 0 0
